512
512
118 20 50
0.824613 -0.056289 -0.56289
-1.93715e-07 -0.995037 0.0995034
-461.189 232.865 -244.116
512
512
231.091 3.04647 -119.535
0.269197 -0.0958306 -0.958306
-4.06057e-07 -0.995037 0.0995036
-494.311 267.431 101.539
512
512
198.54 68.4691 -138.252
0.25882 -0.0961126 -0.961132
0.402028 -0.894037 0.197664
-558.015 59.7597 110.111
512
512
202.488 23.4054 -206.306
-0.206149 -0.302348 -0.930639
0.40822 -0.890925 0.199019
-445.184 155.548 323.16
512
512
232.467 3.09018 -123.826
0.250751 -0.0998408 -0.962889
0.00503993 -0.994519 0.104433
-493.199 266.442 109.803
512
512
121.883 19.7127 47.1265
0.812936 -0.0579463 -0.579463
2.42144e-07 -0.995037 0.099504
-465.338 233.834 -234.423
512
512
-57.3894 23.9131 89.1311
0.986795 0.0161169 0.161169
-5.58794e-09 -0.995037 0.0995037
-181.145 207.275 -500.016
512
512
-200.494 27.4751 0.890846
0.452257 -0.448174 0.771105
-0.226358 -0.893946 -0.38681
323.958 343.756 -322.199
